Corr_12: 
[[ 1.     -0.1734 -0.0061 -0.1215  0.1389 -0.1283]
 [-0.1734  1.     -0.5741  0.1478  0.2664 -0.4979]
 [-0.0061 -0.5741  1.     -0.1096 -0.0462  0.614 ]
 [-0.1215  0.1478 -0.1096  1.      0.3522 -0.2109]
 [ 0.1389  0.2664 -0.0462  0.3522  1.      0.0146]
 [-0.1283 -0.4979  0.614  -0.2109  0.0146  1.    ]]

Corr_37: 
[[ 1.     -0.1965 -0.044  -0.2062  0.2533 -0.2616]
 [-0.1965  1.     -0.1125  0.5499  0.0774  0.4966]
 [-0.044  -0.1125  1.     -0.2512  0.4803 -0.6153]
 [-0.2062  0.5499 -0.2512  1.      0.135   0.5513]
 [ 0.2533  0.0774  0.4803  0.135   1.     -0.5445]
 [-0.2616  0.4966 -0.6153  0.5513 -0.5445  1.    ]]

Corr_2: 
[[ 1.      0.4439 -0.1209  0.3144 -0.4204 -0.2051]
 [ 0.4439  1.      0.0524  0.3529 -0.3059 -0.0242]
 [-0.1209  0.0524  1.      0.0065  0.1016  0.2039]
 [ 0.3144  0.3529  0.0065  1.     -0.0819  0.0367]
 [-0.4204 -0.3059  0.1016 -0.0819  1.     -0.065 ]
 [-0.2051 -0.0242  0.2039  0.0367 -0.065   1.    ]]

Corr_17: 
[[ 1.      0.1179  0.2157  0.0401 -0.159   0.2089]
 [ 0.1179  1.      0.1683  0.2597  0.2275  0.1951]
 [ 0.2157  0.1683  1.     -0.461   0.1598  0.4065]
 [ 0.0401  0.2597 -0.461   1.      0.3156  0.0311]
 [-0.159   0.2275  0.1598  0.3156  1.      0.3138]
 [ 0.2089  0.1951  0.4065  0.0311  0.3138  1.    ]]

Corr_8: 
[[ 1.     -0.0726  0.3871 -0.5871 -0.5976  0.7365]
 [-0.0726  1.      0.1179  0.0733 -0.4183 -0.0457]
 [ 0.3871  0.1179  1.     -0.1657 -0.562   0.5141]
 [-0.5871  0.0733 -0.1657  1.      0.6148 -0.4891]
 [-0.5976 -0.4183 -0.562   0.6148  1.     -0.4952]
 [ 0.7365 -0.0457  0.5141 -0.4891 -0.4952  1.    ]]

Corr_41: 
[[ 1.      0.5084 -0.0889 -0.1673 -0.4239  0.2091]
 [ 0.5084  1.     -0.2653 -0.147  -0.372   0.2075]
 [-0.0889 -0.2653  1.     -0.3701  0.4808 -0.5568]
 [-0.1673 -0.147  -0.3701  1.     -0.2077  0.1682]
 [-0.4239 -0.372   0.4808 -0.2077  1.     -0.2302]
 [ 0.2091  0.2075 -0.5568  0.1682 -0.2302  1.    ]]

Corr_1: 
[[ 1.      0.2309 -0.0139  0.2052 -0.2405 -0.2746]
 [ 0.2309  1.     -0.0787 -0.1374  0.038  -0.0618]
 [-0.0139 -0.0787  1.      0.0534 -0.3162 -0.239 ]
 [ 0.2052 -0.1374  0.0534  1.     -0.3106 -0.4546]
 [-0.2405  0.038  -0.3162 -0.3106  1.      0.3952]
 [-0.2746 -0.0618 -0.239  -0.4546  0.3952  1.    ]]

Corr_40: 
[[ 1.     -0.5911 -0.48    0.6175 -0.7479  0.0152]
 [-0.5911  1.     -0.0541 -0.2305  0.5098  0.0349]
 [-0.48   -0.0541  1.     -0.5132  0.2082 -0.0633]
 [ 0.6175 -0.2305 -0.5132  1.     -0.6004 -0.0534]
 [-0.7479  0.5098  0.2082 -0.6004  1.     -0.0965]
 [ 0.0152  0.0349 -0.0633 -0.0534 -0.0965  1.    ]]

Corr_9: 
[[ 1.     -0.8945  0.7949 -0.0158  0.8541 -0.7702]
 [-0.8945  1.     -0.7596 -0.0279 -0.7815  0.83  ]
 [ 0.7949 -0.7596  1.     -0.0085  0.8683 -0.7955]
 [-0.0158 -0.0279 -0.0085  1.     -0.0912  0.103 ]
 [ 0.8541 -0.7815  0.8683 -0.0912  1.     -0.8412]
 [-0.7702  0.83   -0.7955  0.103  -0.8412  1.    ]]

Corr_27: 
[[ 1.     -0.137   0.3838  0.0362 -0.3231  0.2926]
 [-0.137   1.     -0.597   0.1538 -0.1545 -0.3807]
 [ 0.3838 -0.597   1.     -0.6114  0.4386  0.8005]
 [ 0.0362  0.1538 -0.6114  1.     -0.5898 -0.6269]
 [-0.3231 -0.1545  0.4386 -0.5898  1.      0.4012]
 [ 0.2926 -0.3807  0.8005 -0.6269  0.4012  1.    ]]

Corr_0: 
[[ 1.     -0.8538 -0.4699  0.3301  0.0726  0.0905]
 [-0.8538  1.      0.3306 -0.2876 -0.2103 -0.3219]
 [-0.4699  0.3306  1.     -0.2781  0.4194  0.406 ]
 [ 0.3301 -0.2876 -0.2781  1.      0.0577  0.15  ]
 [ 0.0726 -0.2103  0.4194  0.0577  1.      0.7477]
 [ 0.0905 -0.3219  0.406   0.15    0.7477  1.    ]]

Corr_43: 
[[ 1.     -0.2354  0.6533  0.8473  0.7434  0.7251]
 [-0.2354  1.     -0.5152 -0.2764 -0.3115  0.0394]
 [ 0.6533 -0.5152  1.      0.7241  0.6302  0.5174]
 [ 0.8473 -0.2764  0.7241  1.      0.7943  0.5654]
 [ 0.7434 -0.3115  0.6302  0.7943  1.      0.4004]
 [ 0.7251  0.0394  0.5174  0.5654  0.4004  1.    ]]

Corr_10: 
[[ 1.      0.168   0.2753  0.1656  0.1698  0.0193]
 [ 0.168   1.     -0.1328  0.4919  0.5101  0.5783]
 [ 0.2753 -0.1328  1.      0.3596 -0.3714 -0.5726]
 [ 0.1656  0.4919  0.3596  1.      0.378   0.2526]
 [ 0.1698  0.5101 -0.3714  0.378   1.      0.8671]
 [ 0.0193  0.5783 -0.5726  0.2526  0.8671  1.    ]]

Corr_15: 
[[ 1.     -0.2911  0.2881 -0.2292 -0.3565 -0.3695]
 [-0.2911  1.     -0.133  -0.5135  0.7524  0.7568]
 [ 0.2881 -0.133   1.     -0.2168 -0.1334 -0.1457]
 [-0.2292 -0.5135 -0.2168  1.     -0.1706 -0.3862]
 [-0.3565  0.7524 -0.1334 -0.1706  1.      0.5914]
 [-0.3695  0.7568 -0.1457 -0.3862  0.5914  1.    ]]

Corr_26: 
[[ 1.      0.6593 -0.4556 -0.4104  0.2499 -0.6765]
 [ 0.6593  1.     -0.0545 -0.5099  0.1925 -0.4137]
 [-0.4556 -0.0545  1.      0.4304  0.1714  0.5023]
 [-0.4104 -0.5099  0.4304  1.      0.3186  0.4788]
 [ 0.2499  0.1925  0.1714  0.3186  1.      0.2817]
 [-0.6765 -0.4137  0.5023  0.4788  0.2817  1.    ]]

Corr_16: 
[[ 1.      0.4674 -0.0768 -0.1478  0.4549  0.3718]
 [ 0.4674  1.     -0.5562  0.1372  0.2851  0.0594]
 [-0.0768 -0.5562  1.     -0.0884 -0.1195  0.0694]
 [-0.1478  0.1372 -0.0884  1.      0.2456 -0.2396]
 [ 0.4549  0.2851 -0.1195  0.2456  1.      0.4632]
 [ 0.3718  0.0594  0.0694 -0.2396  0.4632  1.    ]]

Corr_23: 
[[ 1.     -0.2658  0.1691 -0.0519  0.114   0.2062]
 [-0.2658  1.     -0.4884 -0.0221 -0.3776 -0.2159]
 [ 0.1691 -0.4884  1.      0.0156  0.6853  0.072 ]
 [-0.0519 -0.0221  0.0156  1.     -0.2394  0.4262]
 [ 0.114  -0.3776  0.6853 -0.2394  1.     -0.1093]
 [ 0.2062 -0.2159  0.072   0.4262 -0.1093  1.    ]]

Corr_34: 
[[ 1.      0.1217  0.0624 -0.2976  0.1777  0.1253]
 [ 0.1217  1.      0.6524  0.4783 -0.2521 -0.1171]
 [ 0.0624  0.6524  1.      0.4881 -0.3305 -0.3707]
 [-0.2976  0.4783  0.4881  1.     -0.6881 -0.2055]
 [ 0.1777 -0.2521 -0.3305 -0.6881  1.     -0.1923]
 [ 0.1253 -0.1171 -0.3707 -0.2055 -0.1923  1.    ]]

Corr_30: 
[[ 1.      0.5063  0.4515  0.0885  0.1753 -0.5295]
 [ 0.5063  1.      0.501  -0.231   0.3292 -0.1172]
 [ 0.4515  0.501   1.     -0.0225  0.1658  0.0878]
 [ 0.0885 -0.231  -0.0225  1.     -0.2283  0.0103]
 [ 0.1753  0.3292  0.1658 -0.2283  1.      0.0082]
 [-0.5295 -0.1172  0.0878  0.0103  0.0082  1.    ]]

Corr_11: 
[[ 1.     -0.8628 -0.6995  0.4976  0.1375 -0.8878]
 [-0.8628  1.      0.5054 -0.4791 -0.1117  0.8215]
 [-0.6995  0.5054  1.     -0.5186 -0.3251  0.6839]
 [ 0.4976 -0.4791 -0.5186  1.      0.3623 -0.495 ]
 [ 0.1375 -0.1117 -0.3251  0.3623  1.     -0.2055]
 [-0.8878  0.8215  0.6839 -0.495  -0.2055  1.    ]]

Corr_42: 
[[ 1.      0.6088 -0.5942 -0.3176 -0.3454 -0.7258]
 [ 0.6088  1.     -0.8062 -0.1154 -0.3331 -0.7205]
 [-0.5942 -0.8062  1.      0.1015  0.33    0.7564]
 [-0.3176 -0.1154  0.1015  1.      0.3663  0.4159]
 [-0.3454 -0.3331  0.33    0.3663  1.      0.6803]
 [-0.7258 -0.7205  0.7564  0.4159  0.6803  1.    ]]

Corr_13: 
[[ 1.      0.0549 -0.5451  0.0257  0.1071 -0.5425]
 [ 0.0549  1.      0.1629  0.104  -0.286   0.0523]
 [-0.5451  0.1629  1.      0.3054  0.1756  0.1942]
 [ 0.0257  0.104   0.3054  1.      0.3756 -0.4271]
 [ 0.1071 -0.286   0.1756  0.3756  1.     -0.3462]
 [-0.5425  0.0523  0.1942 -0.4271 -0.3462  1.    ]]

Corr_4: 
[[ 1.      0.3321 -0.1266  0.3628  0.1184  0.5063]
 [ 0.3321  1.     -0.1882  0.1232 -0.0109  0.1444]
 [-0.1266 -0.1882  1.     -0.0401  0.1192 -0.389 ]
 [ 0.3628  0.1232 -0.0401  1.      0.001   0.2913]
 [ 0.1184 -0.0109  0.1192  0.001   1.     -0.042 ]
 [ 0.5063  0.1444 -0.389   0.2913 -0.042   1.    ]]

Corr_21: 
[[ 1.      0.0917  0.3922 -0.2855 -0.2206  0.1623]
 [ 0.0917  1.      0.4894  0.3121 -0.1256  0.3291]
 [ 0.3922  0.4894  1.      0.187   0.0196  0.0192]
 [-0.2855  0.3121  0.187   1.     -0.1273 -0.1368]
 [-0.2206 -0.1256  0.0196 -0.1273  1.     -0.5597]
 [ 0.1623  0.3291  0.0192 -0.1368 -0.5597  1.    ]]

Corr_14: 
[[ 1.     -0.0287  0.256   0.2025 -0.4461 -0.3534]
 [-0.0287  1.      0.3923  0.0265  0.2095 -0.1023]
 [ 0.256   0.3923  1.      0.1305  0.2945 -0.4901]
 [ 0.2025  0.0265  0.1305  1.     -0.0077 -0.2577]
 [-0.4461  0.2095  0.2945 -0.0077  1.      0.0366]
 [-0.3534 -0.1023 -0.4901 -0.2577  0.0366  1.    ]]

Corr_33: 
[[ 1.     -0.1357 -0.3303 -0.1219  0.3333 -0.3092]
 [-0.1357  1.     -0.4537 -0.5969 -0.2254  0.1593]
 [-0.3303 -0.4537  1.      0.3448 -0.2476  0.2571]
 [-0.1219 -0.5969  0.3448  1.     -0.3925  0.34  ]
 [ 0.3333 -0.2254 -0.2476 -0.3925  1.     -0.717 ]
 [-0.3092  0.1593  0.2571  0.34   -0.717   1.    ]]

Corr_19: 
[[ 1.     -0.3251  0.6978  0.1185  0.0139 -0.0183]
 [-0.3251  1.     -0.5853 -0.6166  0.4206  0.2253]
 [ 0.6978 -0.5853  1.      0.2324 -0.0403 -0.0939]
 [ 0.1185 -0.6166  0.2324  1.     -0.6758 -0.5722]
 [ 0.0139  0.4206 -0.0403 -0.6758  1.      0.3189]
 [-0.0183  0.2253 -0.0939 -0.5722  0.3189  1.    ]]

Corr_35: 
[[ 1.      0.3484 -0.1335 -0.057   0.1852  0.0827]
 [ 0.3484  1.     -0.29    0.5039 -0.2494 -0.0361]
 [-0.1335 -0.29    1.      0.1026 -0.0797  0.2405]
 [-0.057   0.5039  0.1026  1.     -0.3511  0.2825]
 [ 0.1852 -0.2494 -0.0797 -0.3511  1.      0.1516]
 [ 0.0827 -0.0361  0.2405  0.2825  0.1516  1.    ]]

Corr_20: 
[[ 1.      0.2631  0.1596 -0.0316  0.0973  0.0942]
 [ 0.2631  1.      0.014  -0.1277  0.0666 -0.0654]
 [ 0.1596  0.014   1.      0.1416  0.0411 -0.1052]
 [-0.0316 -0.1277  0.1416  1.      0.0284 -0.2704]
 [ 0.0973  0.0666  0.0411  0.0284  1.      0.3403]
 [ 0.0942 -0.0654 -0.1052 -0.2704  0.3403  1.    ]]

Corr_32: 
[[ 1.     -0.3877 -0.5455 -0.7151  0.2741  0.0928]
 [-0.3877  1.     -0.1716  0.0039 -0.634   0.0073]
 [-0.5455 -0.1716  1.      0.8103 -0.0665  0.3998]
 [-0.7151  0.0039  0.8103  1.      0.0277  0.1816]
 [ 0.2741 -0.634  -0.0665  0.0277  1.     -0.2332]
 [ 0.0928  0.0073  0.3998  0.1816 -0.2332  1.    ]]

Corr_24: 
[[ 1.     -0.5284  0.1738  0.1251  0.2245 -0.026 ]
 [-0.5284  1.     -0.3169 -0.3109 -0.2556 -0.067 ]
 [ 0.1738 -0.3169  1.     -0.0158 -0.0621  0.2306]
 [ 0.1251 -0.3109 -0.0158  1.     -0.1637 -0.1092]
 [ 0.2245 -0.2556 -0.0621 -0.1637  1.      0.1888]
 [-0.026  -0.067   0.2306 -0.1092  0.1888  1.    ]]

Corr_3: 
[[ 1.     -0.1575 -0.3349  0.1172 -0.2966 -0.3398]
 [-0.1575  1.      0.2846 -0.199  -0.2557  0.0086]
 [-0.3349  0.2846  1.     -0.2209  0.2617  0.1205]
 [ 0.1172 -0.199  -0.2209  1.      0.0578 -0.0847]
 [-0.2966 -0.2557  0.2617  0.0578  1.      0.5918]
 [-0.3398  0.0086  0.1205 -0.0847  0.5918  1.    ]]

Corr_28: 
[[ 1.      0.3833 -0.2695  0.1436  0.2161  0.2033]
 [ 0.3833  1.      0.014  -0.0379  0.0323 -0.1092]
 [-0.2695  0.014   1.     -0.3923 -0.5793 -0.5514]
 [ 0.1436 -0.0379 -0.3923  1.     -0.0026  0.2179]
 [ 0.2161  0.0323 -0.5793 -0.0026  1.      0.725 ]
 [ 0.2033 -0.1092 -0.5514  0.2179  0.725   1.    ]]

Corr_22: 
[[ 1.     -0.6507  0.4153  0.2667 -0.3475 -0.1639]
 [-0.6507  1.     -0.4163 -0.5861  0.5267  0.1907]
 [ 0.4153 -0.4163  1.      0.4269 -0.2048 -0.3386]
 [ 0.2667 -0.5861  0.4269  1.     -0.6075 -0.5457]
 [-0.3475  0.5267 -0.2048 -0.6075  1.      0.2758]
 [-0.1639  0.1907 -0.3386 -0.5457  0.2758  1.    ]]

Corr_7: 
[[ 1.      0.5735 -0.3965  0.0057  0.0487  0.3605]
 [ 0.5735  1.     -0.334   0.3098 -0.0653  0.5428]
 [-0.3965 -0.334   1.     -0.2864  0.1611 -0.4065]
 [ 0.0057  0.3098 -0.2864  1.     -0.4657  0.5524]
 [ 0.0487 -0.0653  0.1611 -0.4657  1.     -0.5947]
 [ 0.3605  0.5428 -0.4065  0.5524 -0.5947  1.    ]]

Corr_39: 
[[ 1.     -0.584  -0.0035 -0.6332 -0.3748  0.3538]
 [-0.584   1.     -0.285   0.305  -0.0892 -0.2004]
 [-0.0035 -0.285   1.      0.4172  0.434   0.5236]
 [-0.6332  0.305   0.4172  1.      0.5764  0.1857]
 [-0.3748 -0.0892  0.434   0.5764  1.      0.1572]
 [ 0.3538 -0.2004  0.5236  0.1857  0.1572  1.    ]]

Corr_36: 
[[ 1.     -0.3352  0.0947 -0.0711  0.2494  0.1051]
 [-0.3352  1.     -0.591   0.277  -0.8063 -0.1773]
 [ 0.0947 -0.591   1.     -0.6665  0.8441  0.3545]
 [-0.0711  0.277  -0.6665  1.     -0.5299 -0.1948]
 [ 0.2494 -0.8063  0.8441 -0.5299  1.      0.3228]
 [ 0.1051 -0.1773  0.3545 -0.1948  0.3228  1.    ]]

Corr_18: 
[[ 1.      0.3859  0.2316 -0.259  -0.1613 -0.5086]
 [ 0.3859  1.     -0.0305 -0.4076 -0.2006 -0.1007]
 [ 0.2316 -0.0305  1.      0.2072  0.3485 -0.7964]
 [-0.259  -0.4076  0.2072  1.      0.2854 -0.0681]
 [-0.1613 -0.2006  0.3485  0.2854  1.     -0.1669]
 [-0.5086 -0.1007 -0.7964 -0.0681 -0.1669  1.    ]]

Corr_29: 
[[ 1.      0.7106  0.4242  0.1017 -0.2005  0.1881]
 [ 0.7106  1.      0.0906  0.2897 -0.3939  0.2455]
 [ 0.4242  0.0906  1.     -0.2344  0.3048  0.0046]
 [ 0.1017  0.2897 -0.2344  1.      0.1357 -0.0419]
 [-0.2005 -0.3939  0.3048  0.1357  1.     -0.3582]
 [ 0.1881  0.2455  0.0046 -0.0419 -0.3582  1.    ]]

Corr_31: 
[[ 1.      0.378   0.29   -0.4589 -0.0039 -0.4712]
 [ 0.378   1.      0.1756 -0.5533  0.082  -0.608 ]
 [ 0.29    0.1756  1.     -0.0045  0.241   0.1326]
 [-0.4589 -0.5533 -0.0045  1.     -0.4167  0.1749]
 [-0.0039  0.082   0.241  -0.4167  1.      0.4865]
 [-0.4712 -0.608   0.1326  0.1749  0.4865  1.    ]]

Corr_38: 
[[ 1.     -0.4972  0.406  -0.3385 -0.1968 -0.1455]
 [-0.4972  1.     -0.4592  0.3424  0.4998  0.1326]
 [ 0.406  -0.4592  1.     -0.5557 -0.1693 -0.4829]
 [-0.3385  0.3424 -0.5557  1.      0.3654  0.1536]
 [-0.1968  0.4998 -0.1693  0.3654  1.      0.2133]
 [-0.1455  0.1326 -0.4829  0.1536  0.2133  1.    ]]

Corr_6: 
[[ 1.     -0.5416 -0.638   0.3499  0.2894 -0.6085]
 [-0.5416  1.      0.2907 -0.7492  0.3802 -0.1253]
 [-0.638   0.2907  1.      0.066  -0.3681  0.6717]
 [ 0.3499 -0.7492  0.066   1.     -0.5914  0.3331]
 [ 0.2894  0.3802 -0.3681 -0.5914  1.     -0.7094]
 [-0.6085 -0.1253  0.6717  0.3331 -0.7094  1.    ]]

Corr_5: 
[[ 1.     -0.1887  0.3338 -0.5009 -0.2007  0.099 ]
 [-0.1887  1.     -0.518  -0.035  -0.5124 -0.3761]
 [ 0.3338 -0.518   1.     -0.136   0.2655  0.5191]
 [-0.5009 -0.035  -0.136   1.      0.5168  0.2116]
 [-0.2007 -0.5124  0.2655  0.5168  1.      0.3915]
 [ 0.099  -0.3761  0.5191  0.2116  0.3915  1.    ]]

Corr_25: 
[[ 1.      0.0493 -0.2172 -0.054  -0.4217  0.2031]
 [ 0.0493  1.      0.4016 -0.4791  0.2914  0.2206]
 [-0.2172  0.4016  1.     -0.2123  0.5498 -0.0111]
 [-0.054  -0.4791 -0.2123  1.      0.0079 -0.4031]
 [-0.4217  0.2914  0.5498  0.0079  1.     -0.3181]
 [ 0.2031  0.2206 -0.0111 -0.4031 -0.3181  1.    ]]

