Omega_12: 
[[ 1.2617 -0.2812 -0.0085 -0.1944  0.2329 -0.2887]
 [-0.2812  2.0829 -1.0212  0.3039  0.574  -1.4397]
 [-0.0085 -1.0212  1.5192 -0.1924 -0.0851  1.5164]
 [-0.1944  0.3039 -0.1924  2.0281  0.7489 -0.6018]
 [ 0.2329  0.574  -0.0851  0.7489  2.2294  0.0438]
 [-0.2887 -1.4397  1.5164 -0.6018  0.0438  4.0146]]

Omega_37: 
[[ 2.4758 -0.6007 -0.117  -0.4615  0.5429 -0.6107]
 [-0.6007  3.775  -0.3693  1.5201  0.205   1.4318]
 [-0.117  -0.3693  2.8535 -0.6038  1.1052 -1.5422]
 [-0.4615  1.5201 -0.6038  2.0239  0.2615  1.1638]
 [ 0.5429  0.205   1.1052  0.2615  1.8554 -1.1005]
 [-0.6107  1.4318 -1.5422  1.1638 -1.1005  2.2018]]

Omega_2: 
[[ 2.0189  0.8809 -0.1569  0.6166 -0.8084 -0.3953]
 [ 0.8809  1.9504  0.0668  0.6802 -0.5781 -0.0458]
 [-0.1569  0.0668  0.8342  0.0082  0.1256  0.2526]
 [ 0.6166  0.6802  0.0082  1.9048 -0.1529  0.0688]
 [-0.8084 -0.5781  0.1256 -0.1529  1.8316 -0.1194]
 [-0.3953 -0.0458  0.2526  0.0688 -0.1194  1.8395]]

Omega_17: 
[[ 0.8221  0.1289  0.2756  0.049  -0.2136  0.2456]
 [ 0.1289  1.4541  0.286   0.4221  0.4065  0.3051]
 [ 0.2756  0.286   1.9861 -0.8756  0.3337  0.7429]
 [ 0.049   0.4221 -0.8756  1.8163  0.6302  0.0543]
 [-0.2136  0.4065  0.3337  0.6302  2.1955  0.6029]
 [ 0.2456  0.3051  0.7429  0.0543  0.6029  1.6815]]

Omega_8: 
[[ 1.8522 -0.148   0.9947 -1.4816 -1.8514  1.9371]
 [-0.148   2.2432  0.3333  0.2035 -1.426  -0.1324]
 [ 0.9947  0.3333  3.5642 -0.5802 -2.415   1.8758]
 [-1.4816  0.2035 -0.5802  3.4385  2.5953 -1.7527]
 [-1.8514 -1.426  -2.415   2.5953  5.1815 -2.1785]
 [ 1.9371 -0.1324  1.8758 -1.7527 -2.1785  3.7348]]

Omega_41: 
[[ 2.846   0.8972 -0.2459 -0.3919 -0.8096  0.3503]
 [ 0.8972  1.094  -0.4551 -0.2135 -0.4405  0.2155]
 [-0.2459 -0.4551  2.6894 -0.843   0.8927 -0.9067]
 [-0.3919 -0.2135 -0.843   1.9288 -0.3266  0.2319]
 [-0.8096 -0.4405  0.8927 -0.3266  1.2818 -0.2588]
 [ 0.3503  0.2155 -0.9067  0.2319 -0.2588  0.986 ]]

Omega_1: 
[[ 1.4438  0.3986 -0.0164  0.28   -0.4565 -0.4788]
 [ 0.3986  2.064  -0.1114 -0.2242  0.0862 -0.1288]
 [-0.0164 -0.1114  0.9705  0.0597 -0.492  -0.3416]
 [ 0.28   -0.2242  0.0597  1.2901 -0.5572 -0.7491]
 [-0.4565  0.0862 -0.492  -0.5572  2.495   0.9058]
 [-0.4788 -0.1288 -0.3416 -0.7491  0.9058  2.1052]]

Omega_40: 
[[ 14.8268  -5.0079  -3.2486   6.624   -6.0285   0.089 ]
 [ -5.0079   4.8402  -0.209   -1.4129   2.3479   0.1171]
 [ -3.2486  -0.209    3.0889  -2.5131   0.766   -0.1696]
 [  6.624   -1.4129  -2.5131   7.7622  -3.5018  -0.2269]
 [ -6.0285   2.3479   0.766   -3.5018   4.3824  -0.3079]
 [  0.089    0.1171  -0.1696  -0.2269  -0.3079   2.3246]]

Omega_9: 
[[ 12.3497  -9.818    8.826   -0.0525   9.1795 -10.4213]
 [ -9.818    9.7556  -7.4952  -0.0824  -7.4652   9.9811]
 [  8.826   -7.4952   9.9814  -0.0253   8.3893  -9.6773]
 [ -0.0525  -0.0824  -0.0253   0.8922  -0.2635   0.3746]
 [  9.1795  -7.4652   8.3893  -0.2635   9.3526  -9.9047]
 [-10.4213   9.9811  -9.6773   0.3746  -9.9047  14.8247]]

Omega_27: 
[[ 1.898  -0.2626  1.5529  0.0602 -0.5729  0.5662]
 [-0.2626  1.9352 -2.4391  0.2582 -0.2767 -0.7437]
 [ 1.5529 -2.4391  8.6271 -2.168   1.6583  3.3021]
 [ 0.0602  0.2582 -2.168   1.4573 -0.9164 -1.0629]
 [-0.5729 -0.2767  1.6583 -0.9164  1.6568  0.7254]
 [ 0.5662 -0.7437  3.3021 -1.0629  0.7254  1.9726]]

Omega_0: 
[[ 4.5497 -2.8639 -2.2581  0.7129  0.2357  0.3112]
 [-2.8639  2.4729  1.1713 -0.458  -0.5037 -0.8161]
 [-2.2581  1.1713  5.0744 -0.6345  1.4388  1.4745]
 [ 0.7129 -0.458  -0.6345  1.0255  0.0889  0.2449]
 [ 0.2357 -0.5037  1.4388  0.0889  2.3191  1.8358]
 [ 0.3112 -0.8161  1.4745  0.2449  1.8358  2.5997]]

Omega_43: 
[[ 2.4267 -0.6298  1.398   2.4559  1.8972  2.0058]
 [-0.6298  2.9496 -1.2154 -0.8833 -0.8764  0.1203]
 [ 1.398  -1.2154  1.8871  1.8509  1.4184  1.2622]
 [ 2.4559 -0.8833  1.8509  3.4619  2.4213  1.8681]
 [ 1.8972 -0.8764  1.4184  2.4213  2.684   1.165 ]
 [ 2.0058  0.1203  1.2622  1.8681  1.165   3.1538]]

Omega_10: 
[[ 0.96    0.2254  0.4697  0.3766  0.5077  0.0455]
 [ 0.2254  1.8748 -0.3165  1.5633  2.1316  1.9107]
 [ 0.4697 -0.3165  3.032   1.4533 -1.9739 -2.4057]
 [ 0.3766  1.5633  1.4533  5.3883  2.6779  1.4149]
 [ 0.5077  2.1316 -1.9739  2.6779  9.3141  6.3855]
 [ 0.0455  1.9107 -2.4057  1.4149  6.3855  5.8225]]

Omega_15: 
[[ 0.6938 -0.675   0.265  -0.35   -0.4707 -0.5578]
 [-0.675   7.7536 -0.4088 -2.6222  3.3209  3.8192]
 [ 0.265  -0.4088  1.2191 -0.4389 -0.2335 -0.2915]
 [-0.35   -2.6222 -0.4389  3.3629 -0.4958 -1.2833]
 [-0.4707  3.3209 -0.2335 -0.4958  2.5127  1.699 ]
 [-0.5578  3.8192 -0.2915 -1.2833  1.699   3.2842]]

Omega_26: 
[[ 9.9856  3.0269 -1.9876 -2.0582  1.2376 -3.629 ]
 [ 3.0269  2.1107 -0.1093 -1.1758  0.4383 -1.0203]
 [-1.9876 -0.1093  1.9062  0.9432  0.3708  1.1773]
 [-2.0582 -1.1758  0.9432  2.519   0.7924  1.29  ]
 [ 1.2376  0.4383  0.3708  0.7924  2.4561  0.7495]
 [-3.629  -1.0203  1.1773  1.29    0.7495  2.8819]]

Omega_16: 
[[ 1.825   1.2625 -0.0877 -0.2063  0.8041  0.6709]
 [ 1.2625  3.9976 -0.9406  0.2835  0.7459  0.1587]
 [-0.0877 -0.9406  0.7155 -0.0773 -0.1322  0.0784]
 [-0.2063  0.2835 -0.0773  1.0679  0.3321 -0.3308]
 [ 0.8041  0.7459 -0.1322  0.3321  1.7118  0.8096]
 [ 0.6709  0.1587  0.0784 -0.3308  0.8096  1.7848]]

Omega_23: 
[[ 1.9488 -0.436   0.5172 -0.0803  0.2465  0.476 ]
 [-0.436   1.3807 -1.2574 -0.0288 -0.687  -0.4195]
 [ 0.5172 -1.2574  4.8013  0.0379  2.3254  0.2609]
 [-0.0803 -0.0288  0.0379  1.2267 -0.4106  0.7806]
 [ 0.2465 -0.687   2.3254 -0.4106  2.3981 -0.2799]
 [ 0.476  -0.4195  0.2609  0.7806 -0.2799  2.7351]]

Omega_34: 
[[ 5.3444  0.3546  0.2305 -2.0673  0.584   0.3921]
 [ 0.3546  1.5878  1.313   1.8111 -0.4515 -0.1998]
 [ 0.2305  1.313   2.5514  2.343  -0.7504 -0.8017]
 [-2.0673  1.8111  2.343   9.03   -2.9392 -0.8361]
 [ 0.584  -0.4515 -0.7504 -2.9392  2.0205 -0.37  ]
 [ 0.3921 -0.1998 -0.8017 -0.8361 -0.37    1.8335]]

Omega_30: 
[[ 4.6027  1.2752  1.1293  0.243   0.3093 -1.5951]
 [ 1.2752  1.3785  0.6857 -0.347   0.3179 -0.1932]
 [ 1.1293  0.6857  1.3591 -0.0336  0.1589  0.1436]
 [ 0.243  -0.347  -0.0336  1.6374 -0.2403  0.0185]
 [ 0.3093  0.3179  0.1589 -0.2403  0.6766  0.0094]
 [-1.5951 -0.1932  0.1436  0.0185  0.0094  1.9715]]

Omega_11: 
[[ 10.4968  -4.7434  -3.3551   4.0877   0.6603  -8.7013]
 [ -4.7434   2.8797   1.2698  -2.0614  -0.2809   4.2172]
 [ -3.3551   1.2698   2.1919  -1.9469  -0.7135   3.0629]
 [  4.0877  -2.0614  -1.9469   6.4294   1.3618  -3.7967]
 [  0.6603  -0.2809  -0.7135   1.3618   2.1971  -0.9214]
 [ -8.7013   4.2172   3.0629  -3.7967  -0.9214   9.1512]]

Omega_42: 
[[ 4.9363  2.5659 -3.5042 -0.606  -0.9142 -4.513 ]
 [ 2.5659  3.5981 -4.0591 -0.188  -0.7528 -3.8249]
 [-3.5042 -4.0591  7.0463  0.2314  1.0438  5.6194]
 [-0.606  -0.188   0.2314  0.7377  0.3749  0.9998]
 [-0.9142 -0.7528  1.0438  0.3749  1.4195  2.2683]
 [-4.513  -3.8249  5.6194  0.9998  2.2683  7.8323]]

Omega_13: 
[[ 3.0406  0.0824 -1.3341  0.071   0.2311 -1.0751]
 [ 0.0824  0.7406  0.1967  0.1419 -0.3046  0.0512]
 [-1.3341  0.1967  1.9698  0.6793  0.3049  0.3097]
 [ 0.071   0.1419  0.6793  2.5121  0.7364 -0.7694]
 [ 0.2311 -0.3046  0.3049  0.7364  1.5306 -0.4868]
 [-1.0751  0.0512  0.3097 -0.7694 -0.4868  1.2916]]

Omega_4: 
[[  1.35300000e+00   4.50400000e-01  -1.97600000e-01   5.10200000e-01
    1.55000000e-01   8.19500000e-01]
 [  4.50400000e-01   1.35940000e+00  -2.94400000e-01   1.73600000e-01
   -1.42000000e-02   2.34300000e-01]
 [ -1.97600000e-01  -2.94400000e-01   1.80010000e+00  -6.50000000e-02
    1.80000000e-01  -7.26400000e-01]
 [  5.10200000e-01   1.73600000e-01  -6.50000000e-02   1.46150000e+00
    1.30000000e-03   4.90200000e-01]
 [  1.55000000e-01  -1.42000000e-02   1.80000000e-01   1.30000000e-03
    1.26660000e+00  -6.57000000e-02]
 [  8.19500000e-01   2.34300000e-01  -7.26400000e-01   4.90200000e-01
   -6.57000000e-02   1.93670000e+00]]

Omega_21: 
[[ 3.2675  0.2572  0.9416 -0.65   -0.615   0.5155]
 [ 0.2572  2.4077  1.0085  0.6101 -0.3006  0.8973]
 [ 0.9416  1.0085  1.764   0.3128  0.0403  0.0448]
 [-0.65    0.6101  0.3128  1.5866 -0.2473 -0.3027]
 [-0.615  -0.3006  0.0403 -0.2473  2.3789 -1.5167]
 [ 0.5155  0.8973  0.0448 -0.3027 -1.5167  3.087 ]]

Omega_14: 
[[ 3.0588 -0.0459  0.6533  0.5079 -1.3494 -1.0794]
 [-0.0459  0.8384  0.524   0.0348  0.3318 -0.1636]
 [ 0.6533  0.524   2.1281  0.2729  0.7432 -1.2486]
 [ 0.5079  0.0348  0.2729  2.0555 -0.0191 -0.6453]
 [-1.3494  0.3318  0.7432 -0.0191  2.9918  0.1104]
 [-1.0794 -0.1636 -1.2486 -0.6453  0.1104  3.0505]]

Omega_33: 
[[ 1.0413 -0.2574 -0.8084 -0.1935  0.7215 -0.4584]
 [-0.2574  3.4536 -2.0221 -1.7266 -0.8884  0.43  ]
 [-0.8084 -2.0221  5.7523  1.2871 -1.2597  0.8959]
 [-0.1935 -1.7266  1.2871  2.4226 -1.2959  0.769 ]
 [ 0.7215 -0.8884 -1.2597 -1.2959  4.4997 -2.2097]
 [-0.4584  0.43    0.8959  0.769  -2.2097  2.1111]]

Omega_19: 
[[ 1.2431 -0.5556  1.8823  0.2017  0.0299 -0.0282]
 [-0.5556  2.3489 -2.1703 -1.4424  1.2461  0.4757]
 [ 1.8823 -2.1703  5.8541  0.8583 -0.1887 -0.3129]
 [ 0.2017 -1.4424  0.8583  2.3295 -1.994  -1.2031]
 [ 0.0299  1.2461 -0.1887 -1.994   3.7367  0.8491]
 [-0.0282  0.4757 -0.3129 -1.2031  0.8491  1.8978]]

Omega_35: 
[[ 0.8458  0.4449 -0.104  -0.0798  0.22    0.0556]
 [ 0.4449  1.9287 -0.341   1.0659 -0.4475 -0.0367]
 [-0.104  -0.341   0.7173  0.1324 -0.0872  0.149 ]
 [-0.0798  1.0659  0.1324  2.32   -0.6908  0.3147]
 [ 0.22   -0.4475 -0.0872 -0.6908  1.6689  0.1433]
 [ 0.0556 -0.0367  0.149   0.3147  0.1433  0.535 ]]

Omega_20: 
[[ 1.0103  0.4257  0.1195 -0.0456  0.1596  0.1424]
 [ 0.4257  2.5909  0.0168 -0.2951  0.175  -0.1583]
 [ 0.1195  0.0168  0.5554  0.1515  0.0499 -0.1179]
 [-0.0456 -0.2951  0.1515  2.061   0.0666 -0.5837]
 [ 0.1596  0.175   0.0499  0.0666  2.6629  0.8351]
 [ 0.1424 -0.1583 -0.1179 -0.5837  0.8351  2.2608]]

Omega_32: 
[[ 3.2035 -1.5939 -2.2871 -2.2746  0.9843  0.2215]
 [-1.5939  5.2766 -0.9236  0.0161 -2.9223  0.0225]
 [-2.2871 -0.9236  5.487   3.3734 -0.3125  1.2484]
 [-2.2746  0.0161  3.3734  3.1584  0.0986  0.4301]
 [ 0.9843 -2.9223 -0.3125  0.0986  4.0264 -0.6238]
 [ 0.2215  0.0225  1.2484  0.4301 -0.6238  1.7769]]

Omega_24: 
[[ 1.8392 -1.1427  0.2851  0.1873  0.6042 -0.0489]
 [-1.1427  2.5433 -0.6114 -0.5476 -0.8091 -0.1485]
 [ 0.2851 -0.6114  1.4642 -0.0211 -0.1491  0.3875]
 [ 0.1873 -0.5476 -0.0211  1.22   -0.3587 -0.1675]
 [ 0.6042 -0.8091 -0.1491 -0.3587  3.9385  0.5206]
 [-0.0489 -0.1485  0.3875 -0.1675  0.5206  1.9296]]

Omega_3: 
[[ 0.7529 -0.1293 -0.4114  0.1271 -0.4953 -0.5612]
 [-0.1293  0.8947  0.3812 -0.2353 -0.4654  0.0155]
 [-0.4114  0.3812  2.0054 -0.3911  0.7133  0.3247]
 [ 0.1271 -0.2353 -0.3911  1.563   0.139  -0.2015]
 [-0.4953 -0.4654  0.7133  0.139   3.7029  2.1677]
 [-0.5612  0.0155  0.3247 -0.2015  2.1677  3.6233]]

Omega_28: 
[[ 1.3622  0.4538 -0.5858  0.1706  0.4681  0.345 ]
 [ 0.4538  1.0288  0.0265 -0.0391  0.0609 -0.161 ]
 [-0.5858  0.0265  3.4678 -0.7433 -2.0026 -1.4931]
 [ 0.1706 -0.0391 -0.7433  1.0352 -0.005   0.3224]
 [ 0.4681  0.0609 -2.0026 -0.005   3.446   1.957 ]
 [ 0.345  -0.161  -1.4931  0.3224  1.957   2.1143]]

Omega_22: 
[[ 3.3903 -2.0297  1.0309  0.9527 -0.5456 -0.5675]
 [-2.0297  2.8699 -0.9507 -1.9264  0.7607  0.6077]
 [ 1.0309 -0.9507  1.8172  1.1165 -0.2354 -0.8585]
 [ 0.9527 -1.9264  1.1165  3.7646 -1.005  -1.9914]
 [-0.5456  0.7607 -0.2354 -1.005   0.727   0.4424]
 [-0.5675  0.6077 -0.8585 -1.9914  0.4424  3.5379]]

Omega_7: 
[[ 2.5341  1.4045 -0.7476  0.0132  0.1008  1.0914]
 [ 1.4045  2.3672 -0.6088  0.6963 -0.1306  1.5884]
 [-0.7476 -0.6088  1.4033 -0.4956  0.2483 -0.9158]
 [ 0.0132  0.6963 -0.4956  2.1344 -0.885   1.535 ]
 [ 0.1008 -0.1306  0.2483 -0.885   1.6924 -1.4714]
 [ 1.0914  1.5884 -0.9158  1.535  -1.4714  3.6176]]

Omega_39: 
[[ 5.1066 -2.5352 -0.0117 -2.8254 -1.1297  1.8285]
 [-2.5352  3.6899 -0.8004  1.1568 -0.2285 -0.8804]
 [-0.0117 -0.8004  2.1378  1.2044  0.8464  1.7507]
 [-2.8254  1.1568  1.2044  3.8988  1.5181  0.8384]
 [-1.1297 -0.2285  0.8464  1.5181  1.7791  0.4794]
 [ 1.8285 -0.8804  1.7507  0.8384  0.4794  5.2291]]

Omega_36: 
[[ 1.6486 -0.8302  0.2209 -0.0986  0.6945  0.1052]
 [-0.8302  3.7207 -2.0699  0.5772 -3.3726 -0.2667]
 [ 0.2209 -2.0699  3.2973 -1.3074  3.324   0.5019]
 [-0.0986  0.5772 -1.3074  1.1671 -1.2415 -0.1641]
 [ 0.6945 -3.3726  3.324  -1.2415  4.7028  0.5457]
 [ 0.1052 -0.2667  0.5019 -0.1641  0.5457  0.6079]]

Omega_18: 
[[ 1.9999  0.6343  0.7956 -0.4486 -0.2526 -1.454 ]
 [ 0.6343  1.3508 -0.086  -0.5803 -0.2582 -0.2366]
 [ 0.7956 -0.086   5.9023  0.6166  0.9374 -3.9116]
 [-0.4486 -0.5803  0.6166  1.5004  0.387  -0.1685]
 [-0.2526 -0.2582  0.9374  0.387   1.2259 -0.3737]
 [-1.454  -0.2366 -3.9116 -0.1685 -0.3737  4.0873]]

Omega_29: 
[[ 4.6088  3.0638  2.1753  0.3574 -1.1233  0.429 ]
 [ 3.0638  4.0331  0.4344  0.9527 -2.0643  0.5239]
 [ 2.1753  0.4344  5.7059 -0.9169  1.9001  0.0117]
 [ 0.3574  0.9527 -0.9169  2.681   0.5796 -0.0729]
 [-1.1233 -2.0643  1.9001  0.5796  6.8091 -0.9932]
 [ 0.429   0.5239  0.0117 -0.0729 -0.9932  1.1289]]

Omega_31: 
[[ 2.3294  0.9741  0.5884 -1.2612 -0.0106 -1.499 ]
 [ 0.9741  2.851   0.3941 -1.6824  0.247  -2.1396]
 [ 0.5884  0.3941  1.7667 -0.0107  0.5714  0.3674]
 [-1.2612 -1.6824 -0.0107  3.2427 -1.3385  0.6565]
 [-0.0106  0.247   0.5714 -1.3385  3.1814  1.8084]
 [-1.499  -2.1396  0.3674  0.6565  1.8084  4.3437]]

Omega_38: 
[[ 1.3394 -0.5686  1.071  -0.401  -0.2167 -0.1925]
 [-0.5686  0.9763 -1.0342  0.3463  0.4699  0.1498]
 [ 1.071  -1.0342  5.1955 -1.2964 -0.3673 -1.2582]
 [-0.401   0.3463 -1.2964  1.0476  0.3559  0.1798]
 [-0.2167  0.4699 -0.3673  0.3559  0.9054  0.232 ]
 [-0.1925  0.1498 -1.2582  0.1798  0.232   1.3065]]

Omega_6: 
[[ 4.0511 -1.7853 -1.6435  1.1858  1.076  -2.2922]
 [-1.7853  2.6821  0.6093 -2.0659  1.1503 -0.3842]
 [-1.6435  0.6093  1.6379  0.1421 -0.8702  1.6089]
 [ 1.1858 -2.0659  0.1421  2.8352 -1.8395  1.0496]
 [ 1.076   1.1503 -0.8702 -1.8395  3.4126 -2.4527]
 [-2.2922 -0.3842  1.6089  1.0496 -2.4527  3.5026]]

Omega_5: 
[[ 1.5822 -0.2879  0.9033 -0.9535 -0.4081  0.2481]
 [-0.2879  1.4702 -1.3512 -0.0642 -1.0042 -0.9091]
 [ 0.9033 -1.3512  4.6284 -0.4426  0.9234  2.2261]
 [-0.9535 -0.0642 -0.4426  2.2897  1.264   0.6381]
 [-0.4081 -1.0042  0.9234  1.264   2.6129  1.2613]
 [ 0.2481 -0.9091  2.2261  0.6381  1.2613  3.9731]]

Omega_25: 
[[ 2.5934  0.1111 -0.3921 -0.1859 -1.69    0.3617]
 [ 0.1111  1.9617  0.6306 -1.4352  1.0156  0.3417]
 [-0.3921  0.6306  1.2568 -0.509   1.534  -0.0138]
 [-0.1859 -1.4352 -0.509   4.5746  0.0423 -0.9535]
 [-1.69    1.0156  1.534   0.0423  6.1937 -0.8755]
 [ 0.3617  0.3417 -0.0138 -0.9535 -0.8755  1.2232]]

