zeta_36: [  5.3927   1.899   16.7392  22.736   11.3122   2.9729]

zeta_3: [ 15.0733   4.0389   5.3796  -3.0997  15.3039   9.6931]

zeta_14: [ 11.1761   8.2169   3.3044   3.3913   4.2796  -8.3914]

zeta_37: [ 15.2254   8.3134   8.9791   1.4675   3.3749   5.7608]

zeta_29: [ 4.4242  2.846   3.2471  3.3869 -1.7476 -1.2511]

zeta_0: [ 2.276  -0.602  -0.7954  2.8796  0.8692 -1.0244]

zeta_28: [ 1.1293  3.0994  5.9899  3.4797 -1.2026  5.6979]

zeta_7: [ 0.0297  0.2553  6.6279  5.0224  1.5951  1.3842]

zeta_21: [ 3.4209 -0.6199  0.7548  1.0142  2.2901 -3.6738]

zeta_39: [ 0.9138  0.5954  0.6246  1.2724  2.1332 -0.3161]

zeta_17: [ 1.2661  1.3117 -0.206   1.3593 -0.8704  1.1688]

zeta_10: [ 1.4613  0.0757  0.7189  1.7228  0.7761 -0.5803]

zeta_8: [ 1.425   0.2957 -0.5618 -0.2265  1.2856  0.1104]

zeta_13: [ 0.5279  0.3739 -1.6529  3.0152  1.1393  0.6593]

zeta_9: [ 1.416   0.2275 -0.8093  1.1122 -0.5194  0.1772]

zeta_5: [ 1.4701 -0.2689  0.4996  0.4909 -0.5871  0.451 ]

zeta_20: [ 1.691   1.0013  1.3031 -0.0873  0.5497  0.2826]

zeta_6: [ 15.9527   1.1455   5.2882   1.3929   0.4195   9.9115]

zeta_22: [ 0.8706  0.2431  0.8021  0.8519  1.5326  0.3268]

zeta_35: [ 1.1235  0.4934  0.4688  0.8725  0.3739 -0.8223]

zeta_27: [ 8.8919 -1.3622  2.9351 -2.1354 -0.3112 -3.6336]

zeta_41: [ 0.8856  1.3124  1.0211  1.0993 -0.428   0.5325]

zeta_2: [ 0.2439  0.3968  0.2852  0.3953 -0.4997  0.3742]

zeta_40: [ 0.5118  0.4414 -0.0504 -0.075   0.2847 -0.0093]

zeta_31: [ 0.1919  0.2228  0.1137  0.4519 -0.3836  0.2669]

zeta_25: [ 0.3482  0.6317  0.2014  0.0428 -0.2278 -0.169 ]

zeta_43: [ 1.1378  0.5599  0.6778 -0.1966 -0.4356  0.2723]

zeta_30: [ 0.4649  0.15   -0.0531  0.5074 -0.1224  0.2659]

zeta_24: [ 0.5046  0.1196  0.254  -0.2623 -0.2615  0.095 ]

zeta_15: [ 0.6618  0.3133  0.2664  0.1317 -0.3155  0.4237]

zeta_26: [ 1.1932 -1.363   1.1414 -0.247   0.2241  0.4974]

zeta_1: [ 1.3191 -0.161   0.1505 -0.1933  0.1093 -0.2143]

zeta_32: [ 0.501   0.469  -0.0744  0.0091  0.3037  0.1053]

zeta_18: [ 0.4428 -0.1607  0.3058  0.0697 -0.1017 -0.3505]

zeta_11: [ 1.3699  0.7217 -0.3228  0.1426  0.0958 -0.7254]

zeta_4: [ 0.2136  0.0262  0.144   0.1455 -0.0804  0.1165]

zeta_16: [ 0.4927 -0.0925  0.6536  0.4169 -0.0987  0.2679]

zeta_33: [ 1.5403  2.7846  2.0911  0.4145  0.0659 -0.4147]

zeta_34: [ 1.6183 -0.2886  1.397   0.9491  0.0574 -0.7617]

zeta_38: [ 0.3677  0.0468  0.1115  0.1698  0.0515 -0.1973]

zeta_42: [ 0.1113  0.0943 -0.0066  0.0442 -0.0471  0.0422]

zeta_19: [ 0.3256  0.1136  0.2131  0.1744  0.0612 -0.0836]

zeta_23: [ 1.2428 -0.0791  0.3954  2.1961  0.0313  0.6652]

zeta_12: [ 0.1998  0.3317  0.166   0.1228 -0.0032 -0.0205]

Omega_36: 
[[  2.7888  -1.4687  -0.1153  -2.6694  -0.4278   0.8444]
 [ -1.4687   2.3896   0.6348   2.9166  -0.2925  -0.8237]
 [ -0.1153   0.6348   4.731    5.9336   2.8498   0.1452]
 [ -2.6694   2.9166   5.9336  13.07     5.0072  -0.3943]
 [ -0.4278  -0.2925   2.8498   5.0072   4.5452   0.7423]
 [  0.8444  -0.8237   0.1452  -0.3943   0.7423   1.3945]]

Omega_3: 
[[  4.6835  -0.6833   0.7644  -1.5107   3.0413   3.0009]
 [ -0.6833   6.7569  -1.1551   1.3416   0.4183  -1.3172]
 [  0.7644  -1.1551   3.4877  -1.3337   4.1702   1.9045]
 [ -1.5107   1.3416  -1.3337   2.0654  -2.1397  -2.0979]
 [  3.0413   0.4183   4.1702  -2.1397  10.0709   4.5448]
 [  3.0009  -1.3172   1.9045  -2.0979   4.5448   5.1111]]

Omega_14: 
[[ 1.7104  0.4201 -0.5177 -0.023   0.2189 -1.2864]
 [ 0.4201  3.6243 -1.0777  0.7796 -1.1557 -0.4969]
 [-0.5177 -1.0777  2.5931 -0.2667  1.4434  0.3817]
 [-0.023   0.7796 -0.2667  0.8897 -0.3863 -0.0608]
 [ 0.2189 -1.1557  1.4434 -0.3863  2.6075 -0.5348]
 [-1.2864 -0.4969  0.3817 -0.0608 -0.5348  2.5455]]

Omega_37: 
[[ 1.7962  0.1486  0.7583 -0.886  -0.1552  0.2685]
 [ 0.1486  2.249  -0.2696  0.7124  0.8513  0.8086]
 [ 0.7583 -0.2696  1.5305 -0.6846 -0.3899  0.5148]
 [-0.886   0.7124 -0.6846  2.4794  0.6968 -0.2769]
 [-0.1552  0.8513 -0.3899  0.6968  2.0638  0.5214]
 [ 0.2685  0.8086  0.5148 -0.2769  0.5214  1.3373]]

Omega_29: 
[[ 3.6244 -0.3064  1.3049 -0.8683 -1.6392 -0.4054]
 [-0.3064  2.4008  0.4919  2.2067  0.6452 -0.0993]
 [ 1.3049  0.4919  1.9016  0.7248 -0.8477 -0.7672]
 [-0.8683  2.2067  0.7248  4.8536  0.1297 -0.8339]
 [-1.6392  0.6452 -0.8477  0.1297  1.9194  0.4147]
 [-0.4054 -0.0993 -0.7672 -0.8339  0.4147  1.1581]]

Omega_0: 
[[  2.03940000e+00  -4.16300000e-01  -1.12090000e+00   1.30170000e+00
    3.93200000e-01  -6.65900000e-01]
 [ -4.16300000e-01   9.42900000e-01   3.25600000e-01  -1.01530000e+00
   -1.69300000e-01  -2.45000000e-01]
 [ -1.12090000e+00   3.25600000e-01   1.50000000e+00  -8.81700000e-01
   -1.11900000e-01   9.00000000e-04]
 [  1.30170000e+00  -1.01530000e+00  -8.81700000e-01   3.83720000e+00
    8.90200000e-01  -6.41800000e-01]
 [  3.93200000e-01  -1.69300000e-01  -1.11900000e-01   8.90200000e-01
    7.58800000e-01  -1.34700000e-01]
 [ -6.65900000e-01  -2.45000000e-01   9.00000000e-04  -6.41800000e-01
   -1.34700000e-01   4.90010000e+00]]

Omega_28: 
[[ 1.1821  0.0503  0.5553  0.202  -0.7474  0.9055]
 [ 0.0503  2.7886  4.4649  1.9561 -0.3455  3.1347]
 [ 0.5553  4.4649  8.8538  3.6335 -0.9238  6.0519]
 [ 0.202   1.9561  3.6335  4.1669 -0.8381  5.3673]
 [-0.7474 -0.3455 -0.9238 -0.8381  1.6178 -1.3193]
 [ 0.9055  3.1347  6.0519  5.3673 -1.3193  8.996 ]]

Omega_7: 
[[  0.8657   0.5894  -1.9312  -0.5469  -0.3258  -0.3164]
 [  0.5894   4.7264  -3.9752  -1.9886  -0.6018  -2.0704]
 [ -1.9312  -3.9752  15.9857   8.6456   3.3979   3.34  ]
 [ -0.5469  -1.9886   8.6456   6.822    1.4339   2.3547]
 [ -0.3258  -0.6018   3.3979   1.4339   2.8905   0.6773]
 [ -0.3164  -2.0704   3.34     2.3547   0.6773   2.7508]]

Omega_21: 
[[ 15.7019  -3.8321   3.1918   4.0235  10.763  -16.7927]
 [ -3.8321   2.7422  -1.1422  -0.8292  -3.6349   4.9565]
 [  3.1918  -1.1422   1.5813   0.8496   3.2586  -5.0979]
 [  4.0235  -0.8292   0.8496   2.1839   2.4232  -4.2964]
 [ 10.763   -3.6349   3.2586   2.4232  10.9432 -14.9006]
 [-16.7927   4.9565  -5.0979  -4.2964 -14.9006  29.0528]]

Omega_39: 
[[  2.3624   0.2852  -1.2212  -0.6609  -0.2625  -2.0117]
 [  0.2852   1.0055   0.1136   0.1134   0.3972  -0.3016]
 [ -1.2212   0.1136   2.8126   2.0469   2.7063   1.5909]
 [ -0.6609   0.1134   2.0469   4.0032   4.9956   1.7297]
 [ -0.2625   0.3972   2.7063   4.9956  11.777    2.0921]
 [ -2.0117  -0.3016   1.5909   1.7297   2.0921   3.7683]]

Omega_17: 
[[ 1.4717 -0.9007  0.0626  0.0837  0.1526 -0.9057]
 [-0.9007  3.8054 -1.5325  0.5189 -1.9847  3.8735]
 [ 0.0626 -1.5325  2.1203 -0.4051  1.4176 -3.2116]
 [ 0.0837  0.5189 -0.4051  1.7093 -0.564   1.0685]
 [ 0.1526 -1.9847  1.4176 -0.564   2.1523 -3.0686]
 [-0.9057  3.8735 -3.2116  1.0685 -3.0686  8.4638]]

Omega_10: 
[[ 1.8037 -0.1204  0.6153  1.1974  0.8844 -0.8531]
 [-0.1204  1.4515 -0.6231 -0.5625 -0.8265  0.9635]
 [ 0.6153 -0.6231  1.2968  0.6168  0.5344 -0.5974]
 [ 1.1974 -0.5625  0.6168  4.147   1.1862 -1.326 ]
 [ 0.8844 -0.8265  0.5344  1.1862  2.2658 -1.4322]
 [-0.8531  0.9635 -0.5974 -1.326  -1.4322  2.3277]]

Omega_8: 
[[ 8.2382  0.8579 -3.3434 -1.6667  7.4646  0.9585]
 [ 0.8579  1.4395 -1.0316 -0.2485  0.8482 -1.0294]
 [-3.3434 -1.0316  2.8893  0.8371 -3.4066  0.5917]
 [-1.6667 -0.2485  0.8371  1.1245 -1.6332  0.3499]
 [ 7.4646  0.8482 -3.4066 -1.6332  8.3817 -0.237 ]
 [ 0.9585 -1.0294  0.5917  0.3499 -0.237   5.488 ]]

Omega_13: 
[[  1.4226   0.8254  -3.8255   5.5021   2.0212   1.369 ]
 [  0.8254   2.0523  -4.8338   6.1544   2.0141   1.3807]
 [ -3.8255  -4.8338  17.5847 -23.7644  -8.8408  -5.9657]
 [  5.5021   6.1544 -23.7644  37.7369  14.0743   8.637 ]
 [  2.0212   2.0141  -8.8408  14.0743   6.9069   3.3989]
 [  1.369    1.3807  -5.9657   8.637    3.3989   3.4317]]

Omega_9: 
[[ 1.8207 -0.6292 -0.9418  1.0909 -0.9344 -0.037 ]
 [-0.6292  4.9076 -0.4986 -1.6059  1.334   2.1066]
 [-0.9418 -0.4986  1.6383 -1.1229  0.2302 -0.1812]
 [ 1.0909 -1.6059 -1.1229  2.9982 -0.7311 -1.4977]
 [-0.9344  1.334   0.2302 -0.7311  1.668   0.2839]
 [-0.037   2.1066 -0.1812 -1.4977  0.2839  2.9916]]

Omega_5: 
[[ 2.7384 -0.8758  0.5432  0.2279 -1.4454  0.8904]
 [-0.8758  1.9474 -0.1002 -0.6007  0.6291  0.2801]
 [ 0.5432 -0.1002  0.8216  0.0878 -0.4527  0.3065]
 [ 0.2279 -0.6007  0.0878  1.8567  0.5893 -0.6843]
 [-1.4454  0.6291 -0.4527  0.5893  2.1778 -0.92  ]
 [ 0.8904  0.2801  0.3065 -0.6843 -0.92    1.6389]]

Omega_20: 
[[ 2.5424 -0.093   0.53   -1.5357  1.055   0.2131]
 [-0.093   1.6383  0.9573  0.4139  0.0128  0.2874]
 [ 0.53    0.9573  2.3311 -0.7046  0.5412  1.0152]
 [-1.5357  0.4139 -0.7046  3.2932 -1.3982 -0.9038]
 [ 1.055   0.0128  0.5412 -1.3982  2.0471  0.5557]
 [ 0.2131  0.2874  1.0152 -0.9038  0.5557  1.7289]]

Omega_6: 
[[ 3.9482 -0.3708  0.7816  0.0062  0.4964  2.6419]
 [-0.3708  2.1022 -0.1373  0.2038 -0.9241 -0.7419]
 [ 0.7816 -0.1373  1.5697  0.098  -0.0935  0.5073]
 [ 0.0062  0.2038  0.098   0.7752 -0.4279 -0.5359]
 [ 0.4964 -0.9241 -0.0935 -0.4279  1.336   0.9716]
 [ 2.6419 -0.7419  0.5073 -0.5359  0.9716  3.6615]]

Omega_22: 
[[  4.0784  -0.0305  -0.5828  -0.2424  -1.163   -0.9324]
 [ -0.0305   1.3585   0.0382   0.3834  -0.3132   0.3747]
 [ -0.5828   0.0382   5.467    4.2216   9.8583   2.3757]
 [ -0.2424   0.3834   4.2216   4.4612   8.88     2.5073]
 [ -1.163   -0.3132   9.8583   8.88    23.7372   5.5599]
 [ -0.9324   0.3747   2.3757   2.5073   5.5599   2.5454]]

Omega_35: 
[[ 4.0007 -2.7686 -0.3082  0.1414 -0.9307 -2.1125]
 [-2.7686  4.9048  0.7193  1.6297  1.9383  1.4031]
 [-0.3082  0.7193  2.1988 -0.1482  0.6582 -1.8471]
 [ 0.1414  1.6297 -0.1482  1.8567  0.6377  0.0445]
 [-0.9307  1.9383  0.6582  0.6377  1.4829 -0.0919]
 [-2.1125  1.4031 -1.8471  0.0445 -0.0919  4.7289]]

Omega_27: 
[[ 19.4508  -3.5272   5.3007  -6.0354  -1.2722  -8.6064]
 [ -3.5272   2.5508  -1.5286   0.6398  -0.2055   0.5384]
 [  5.3007  -1.5286   3.47    -1.6008   0.4164  -1.6782]
 [ -6.0354   0.6398  -1.6008   4.4932   0.7837   3.8621]
 [ -1.2722  -0.2055   0.4164   0.7837   1.045    1.3064]
 [ -8.6064   0.5384  -1.6782   3.8621   1.3064   5.3954]]

Omega_41: 
[[ 1.2004 -0.3032  0.2971  0.2504  0.5355  0.5854]
 [-0.3032  4.3351  0.462   1.2367 -1.9588 -0.913 ]
 [ 0.2971  0.462   1.4318  0.8483 -0.5704  0.7022]
 [ 0.2504  1.2367  0.8483  1.2284 -0.6234  0.3301]
 [ 0.5355 -1.9588 -0.5704 -0.6234  2.3847  0.4365]
 [ 0.5854 -0.913   0.7022  0.3301  0.4365  2.0295]]

Omega_2: 
[[ 1.0006 -0.0261  0.2874  0.4389 -0.859   0.8708]
 [-0.0261  2.9407  1.0694  1.0985 -2.0147  0.0172]
 [ 0.2874  1.0694  1.5589  0.5342 -1.6692  0.8585]
 [ 0.4389  1.0985  0.5342  2.0956 -1.4029  1.3596]
 [-0.859  -2.0147 -1.6692 -1.4029  4.4335 -0.6143]
 [ 0.8708  0.0172  0.8585  1.3596 -0.6143  3.0774]]

Omega_40: 
[[ 2.9142  1.605  -0.7299 -0.4221  1.3872 -0.5435]
 [ 1.605   3.4403 -0.4323 -1.017   1.284   0.3556]
 [-0.7299 -0.4323  1.0067  0.2293 -0.3799  0.5925]
 [-0.4221 -1.017   0.2293  0.8382 -0.2152 -0.2574]
 [ 1.3872  1.284  -0.3799 -0.2152  1.5974 -0.6014]
 [-0.5435  0.3556  0.5925 -0.2574 -0.6014  1.947 ]]

Omega_31: 
[[ 1.8837 -0.7537 -0.6396 -1.0659  0.503  -0.7952]
 [-0.7537  1.6596  0.3061  0.9967 -0.8077  1.4598]
 [-0.6396  0.3061  1.539   0.7976 -0.3281  0.7631]
 [-1.0659  0.9967  0.7976  4.37   -3.2094  1.2678]
 [ 0.503  -0.8077 -0.3281 -3.2094  3.7621 -0.9991]
 [-0.7952  1.4598  0.7631  1.2678 -0.9991  2.996 ]]

Omega_25: 
[[ 1.1374  1.5357 -0.0467 -0.8746 -0.8623  0.0972]
 [ 1.5357  4.6748 -0.3116 -1.7672 -1.4446 -0.0689]
 [-0.0467 -0.3116  1.107   0.932   0.189  -0.4954]
 [-0.8746 -1.7672  0.932   2.7269  0.9754 -1.0209]
 [-0.8623 -1.4446  0.189   0.9754  1.4303 -0.2327]
 [ 0.0972 -0.0689 -0.4954 -1.0209 -0.2327  1.4243]]

Omega_43: 
[[  9.80300000e-01  -9.30000000e-03   7.96500000e-01  -7.23200000e-01
   -8.94100000e-01   3.60000000e-03]
 [ -9.30000000e-03   1.52850000e+00  -8.48300000e-01   5.79900000e-01
    7.85200000e-01   2.85400000e-01]
 [  7.96500000e-01  -8.48300000e-01   3.04580000e+00  -2.13590000e+00
   -3.37070000e+00  -3.04000000e-01]
 [ -7.23200000e-01   5.79900000e-01  -2.13590000e+00   2.33460000e+00
    2.84480000e+00   2.59900000e-01]
 [ -8.94100000e-01   7.85200000e-01  -3.37070000e+00   2.84480000e+00
    5.27010000e+00   2.74700000e-01]
 [  3.60000000e-03   2.85400000e-01  -3.04000000e-01   2.59900000e-01
    2.74700000e-01   1.27130000e+00]]

Omega_30: 
[[ 2.8142 -2.14   -1.2331  1.3643 -0.4395 -1.4056]
 [-2.14    3.9483  0.9461 -1.2404  0.531   2.0591]
 [-1.2331  0.9461  1.3123 -0.3557  0.0257  1.1726]
 [ 1.3643 -1.2404 -0.3557  2.679  -0.7501  0.599 ]
 [-0.4395  0.531   0.0257 -0.7501  0.839  -0.2971]
 [-1.4056  2.0591  1.1726  0.599  -0.2971  3.0978]]

Omega_24: 
[[  2.25090000e+00  -6.43200000e-01   3.74900000e-01  -1.98470000e+00
   -8.39500000e-01   9.00000000e-04]
 [ -6.43200000e-01   1.87730000e+00  -5.57400000e-01   1.10410000e+00
    3.21400000e-01   4.46200000e-01]
 [  3.74900000e-01  -5.57400000e-01   2.04320000e+00  -1.18750000e+00
   -1.79390000e+00  -3.55900000e-01]
 [ -1.98470000e+00   1.10410000e+00  -1.18750000e+00   3.06040000e+00
    1.68680000e+00   3.66800000e-01]
 [ -8.39500000e-01   3.21400000e-01  -1.79390000e+00   1.68680000e+00
    3.93990000e+00   5.68800000e-01]
 [  9.00000000e-04   4.46200000e-01  -3.55900000e-01   3.66800000e-01
    5.68800000e-01   8.34300000e-01]]

Omega_15: 
[[ 4.5569  1.0265 -0.6319 -2.3576 -2.9667  3.583 ]
 [ 1.0265  2.1354 -0.055  -0.0652 -1.908   1.0158]
 [-0.6319 -0.055   1.2525  1.261   0.7209 -0.7881]
 [-2.3576 -0.0652  1.261   3.1049  2.0171 -2.2709]
 [-2.9667 -1.908   0.7209  2.0171  6.2027 -2.2582]
 [ 3.583   1.0158 -0.7881 -2.2709 -2.2582  4.639 ]]

Omega_26: 
[[ 3.9989 -4.4838  2.9242 -2.4408 -0.1989  1.2845]
 [-4.4838  9.6611 -6.8651  4.1967 -0.1536 -2.8203]
 [ 2.9242 -6.8651  6.1805 -2.8576 -0.0414  1.9195]
 [-2.4408  4.1967 -2.8576  4.337   0.6172 -0.9976]
 [-0.1989 -0.1536 -0.0414  0.6172  3.76    0.9615]
 [ 1.2845 -2.8203  1.9195 -0.9976  0.9615  2.0717]]

Omega_1: 
[[ 4.2666 -1.0062  0.1766 -1.7179  0.4917 -0.506 ]
 [-1.0062  2.3794 -1.7043 -1.164  -0.6335  1.7459]
 [ 0.1766 -1.7043  2.7123  1.1628  0.1064 -1.6565]
 [-1.7179 -1.164   1.1628  4.37    0.3622 -1.7513]
 [ 0.4917 -0.6335  0.1064  0.3622  1.0691 -0.6215]
 [-0.506   1.7459 -1.6565 -1.7513 -0.6215  2.2588]]

Omega_32: 
[[  2.15250000e+00   3.95000000e-01  -1.49990000e+00  -9.13500000e-01
    3.10230000e+00   2.30820000e+00]
 [  3.95000000e-01   2.91200000e+00   8.16000000e-01  -7.90000000e-03
   -1.25010000e+00  -2.32740000e+00]
 [ -1.49990000e+00   8.16000000e-01   2.24380000e+00   9.72700000e-01
   -3.30510000e+00  -3.17020000e+00]
 [ -9.13500000e-01  -7.90000000e-03   9.72700000e-01   1.72570000e+00
   -2.76720000e+00  -1.62350000e+00]
 [  3.10230000e+00  -1.25010000e+00  -3.30510000e+00  -2.76720000e+00
    8.64410000e+00   6.93860000e+00]
 [  2.30820000e+00  -2.32740000e+00  -3.17020000e+00  -1.62350000e+00
    6.93860000e+00   8.02180000e+00]]

Omega_18: 
[[ 2.4404 -0.8691  1.1612 -0.0115 -0.5594 -1.4538]
 [-0.8691  1.2642 -0.8559 -0.0305  0.0258  0.7991]
 [ 1.1612 -0.8559  1.9205 -0.0536  0.0319 -1.866 ]
 [-0.0115 -0.0305 -0.0536  1.049  -0.4651 -0.0921]
 [-0.5594  0.0258  0.0319 -0.4651  1.2603  0.3697]
 [-1.4538  0.7991 -1.866  -0.0921  0.3697  2.8596]]

Omega_11: 
[[ 3.6272  1.1692 -2.0852 -1.8111 -0.431  -1.9231]
 [ 1.1692  1.4493 -0.8921 -0.446  -0.0749 -1.0419]
 [-2.0852 -0.8921  2.6901  1.5435  0.7484  1.1564]
 [-1.8111 -0.446   1.5435  3.3127  0.479   1.1504]
 [-0.431  -0.0749  0.7484  0.479   1.2774  0.3078]
 [-1.9231 -1.0419  1.1564  1.1504  0.3078  2.3725]]

Omega_4: 
[[ 0.9003 -0.1967  0.3427 -0.0075  0.0183  0.3544]
 [-0.1967  0.7971 -0.0788 -0.3969 -0.3273 -0.0294]
 [ 0.3427 -0.0788  0.6326 -0.0691 -0.0815  0.1543]
 [-0.0075 -0.3969 -0.0691  2.1624 -0.3382  0.147 ]
 [ 0.0183 -0.3273 -0.0815 -0.3382  1.2118 -0.2694]
 [ 0.3544 -0.0294  0.1543  0.147  -0.2694  1.1255]]

Omega_16: 
[[ 1.2084 -0.4649  0.5377  0.3948 -0.0078  0.2711]
 [-0.4649  3.8996 -0.1082 -1.3882 -1.6924 -0.4896]
 [ 0.5377 -0.1082  2.9004  0.3145 -0.9285  0.2148]
 [ 0.3948 -1.3882  0.3145  2.0139  0.7513  0.7606]
 [-0.0078 -1.6924 -0.9285  0.7513  2.1825  0.2755]
 [ 0.2711 -0.4896  0.2148  0.7606  0.2755  1.1277]]

Omega_33: 
[[ 1.8478  1.6865  0.7353  0.5023  0.1397 -0.0832]
 [ 1.6865  6.1184  2.8279 -0.4184  1.0577 -1.7806]
 [ 0.7353  2.8279  4.9596 -0.1079 -0.6133 -0.4221]
 [ 0.5023 -0.4184 -0.1079  1.453  -0.6089  0.5344]
 [ 0.1397  1.0577 -0.6133 -0.6089  1.9858 -0.7417]
 [-0.0832 -1.7806 -0.4221  0.5344 -0.7417  1.3733]]

Omega_34: 
[[ 2.1625 -0.333   1.2152  0.6951  0.2357 -1.0252]
 [-0.333   1.5899 -0.9876 -0.8144 -0.562   0.9646]
 [ 1.2152 -0.9876  2.6843  1.4301  0.1232 -1.3806]
 [ 0.6951 -0.8144  1.4301  1.6234 -0.0476 -0.6316]
 [ 0.2357 -0.562   0.1232 -0.0476  1.7712 -0.8899]
 [-1.0252  0.9646 -1.3806 -0.6316 -0.8899  2.6624]]

Omega_38: 
[[ 2.4216 -1.4017  0.4549  0.8817  0.5155 -0.8128]
 [-1.4017  3.373  -0.5102 -1.4055 -0.7674  0.4502]
 [ 0.4549 -0.5102  1.0411 -0.4428  0.4358  0.3093]
 [ 0.8817 -1.4055 -0.4428  3.7387 -0.2258 -2.74  ]
 [ 0.5155 -0.7674  0.4358 -0.2258  1.5022  0.9759]
 [-0.8128  0.4502  0.3093 -2.74    0.9759  3.6462]]

Omega_42: 
[[ 1.3795  0.2866 -0.7695 -0.2615 -0.1632  0.2335]
 [ 0.2866  1.5933 -0.371  -0.414  -0.7078  0.5328]
 [-0.7695 -0.371   1.9464  0.3503  0.3097 -0.7589]
 [-0.2615 -0.414   0.3503  1.6744  0.0129 -0.0908]
 [-0.1632 -0.7078  0.3097  0.0129  1.4153 -0.2353]
 [ 0.2335  0.5328 -0.7589 -0.0908 -0.2353  1.5546]]

Omega_19: 
[[ 1.1254 -0.3713  0.6084 -0.1    -0.0596 -0.1574]
 [-0.3713  1.3425 -0.3301  0.3391  0.3128 -0.2352]
 [ 0.6084 -0.3301  1.3888 -0.2642  0.4535  0.1614]
 [-0.1     0.3391 -0.2642  1.3382 -0.4211 -0.3528]
 [-0.0596  0.3128  0.4535 -0.4211  2.6019  0.9623]
 [-0.1574 -0.2352  0.1614 -0.3528  0.9623  1.562 ]]

Omega_23: 
[[ 1.7432  0.0341  0.3087  1.8029 -0.0747  0.4665]
 [ 0.0341  0.6021  0.0435 -0.7692 -0.147  -0.3957]
 [ 0.3087  0.0435  1.6839 -0.5213  0.4263  0.0491]
 [ 1.8029 -0.7692 -0.5213  7.272  -0.3896  1.4969]
 [-0.0747 -0.147   0.4263 -0.3896  0.8931  0.4941]
 [ 0.4665 -0.3957  0.0491  1.4969  0.4941  1.997 ]]

Omega_12: 
[[ 1.0973  0.2309 -0.2287 -0.043  -0.1803 -0.0303]
 [ 0.2309  2.7943  0.1095  0.4004  0.4005 -0.1853]
 [-0.2287  0.1095  1.6033  0.1794  0.0088 -0.1222]
 [-0.043   0.4004  0.1794  0.7448 -0.1217  0.0067]
 [-0.1803  0.4005  0.0088 -0.1217  0.5813  0.019 ]
 [-0.0303 -0.1853 -0.1222  0.0067  0.019   0.883 ]]

